.Random.seed <-
c(403L, 400L, 771121598L, 1543938333L, -1929058800L, 2113394646L, 
1343674290L, -1360161308L, -1038788217L, -1344574634L, -1353729518L, 
-138242364L, -298725107L, 1476288359L, -1944756792L, -750249724L, 
1954174946L, 875763511L, 342902622L, 2044018183L, -240699031L, 
-996815760L, -1085731246L, 1415484353L, -211711560L, -955965957L, 
-1297736563L, 1292751801L, -839808478L, -273542717L, 1634512890L, 
910463981L, 1406213434L, -881076892L, -563517868L, -1390051434L, 
228460067L, 19269561L, 1889164989L, -607169859L, -2011654722L, 
942606705L, 631512469L, 32913155L, -84953227L, 967622321L, 1340003021L, 
-963101847L, 1567006317L, -1118139852L, -1909914370L, 925003416L, 
-573575412L, 487943503L, -109245924L, 1400489093L, 211403506L, 
-1311068098L, 1054835111L, -93039123L, -1531968767L, 1939742722L, 
1838555922L, -1496338592L, -789525951L, -194780903L, -976008826L, 
-836249157L, -2130815276L, -1454304942L, -1232342644L, 868596108L, 
8143260L, -1388982089L, -2061791211L, -1608992570L, 1309491387L, 
1561953843L, 1660061618L, -533396263L, 1503185581L, -1864296948L, 
-941022447L, 716178116L, 726580558L, 1036198220L, -2121688278L, 
677249932L, 538352825L, 1417064588L, -1815286467L, 1792269874L, 
450049176L, 1561304003L, -1163615608L, 1444166208L, 525298991L, 
1850351297L, -173319046L, 729263431L, -1766773638L, 709433736L, 
-872207288L, 1709489513L, -1990051463L, 1936577272L, -604049525L, 
532519377L, 920448658L, -569226545L, -1348221925L, 583072722L, 
1786853898L, 1193258115L, -827549580L, -1648971108L, -962626702L, 
444768177L, 1129096002L, -2079105633L, -1197867960L, -1778518810L, 
-1435450806L, 1950679279L, 396523875L, 1139152841L, 1056154827L, 
-1613465197L, 183664717L, 1194483110L, 439615549L, -1054566316L, 
-1479821703L, 607248894L, -178734329L, -935835726L, 1029159868L, 
1609591850L, 1101653242L, 2095301166L, 1947027609L, -204311700L, 
-923160174L, -247275897L, 766973295L, 1654875206L, 1486981413L, 
-811461704L, 314561260L, -1774655840L, 1868830214L, -1125369393L, 
-860041202L, -1000645433L, -827444571L, 1321566523L, -901696281L, 
1143362330L, 1068387289L, -1090395867L, 1578080299L, 204651989L, 
-1003031957L, -727724055L, 898818626L, -1734641165L, 1006289502L, 
54752521L, -1889115471L, -2030413850L, 683092694L, -297305692L, 
1690937027L, 240228427L, -1731625048L, -1653861426L, 200984838L, 
1927581910L, 670955566L, -1498521263L, 1638268725L, -1268171504L, 
-1165117704L, 1515889255L, 2010100210L, 2053325726L, 156684944L, 
1084535405L, -1507117286L, 118850700L, 1243714865L, -1988284918L, 
-923368244L, 233603816L, -798553933L, -1375838153L, 245011567L, 
-1294323727L, 245818702L, -585319078L, -75108931L, 1349293764L, 
134573878L, -2001800963L, 285187749L, 1290658521L, 893267564L, 
-2069445599L, -1510351900L, -1201723343L, -2004169409L, 921811654L, 
1745124040L, 937903038L, -1628544671L, -594453422L, 281018185L, 
1604985340L, -2122412050L, -265172638L, -1427029629L, -1393151274L, 
512854706L, -1064727666L, 972100548L, 675905506L, 1517099320L, 
1751542832L, 780727988L, -1146336959L, 192445914L, -2004317130L, 
989652939L, -791927092L, -1014629544L, 774357503L, -1179967398L, 
2039095575L, -330331570L, -2114147714L, 1203538289L, 1315411578L, 
379514703L, -505572675L, -206317485L, -1409951683L, -2045466378L, 
-829294738L, 1407468281L, 293760595L, -27686750L, -1270909060L, 
-1913111096L, 1548932095L, 171939603L, 1132492766L, 1400733269L, 
1106643594L, -1229498154L, -484916760L, -1373657523L, 432639127L, 
-166738084L, 1028912065L, 709709474L, -1444452731L, -1399229618L, 
1370063918L, -95950616L, -302888001L, -365612278L, -1179677062L, 
892834964L, -2064474249L, -1197149742L, 375472725L, 1550710825L, 
-460932235L, 791827596L, 2073279429L, 1104450012L, -1981057361L, 
-75632037L, -1509696071L, -1726003076L, -1334481753L, 1242417340L, 
-629055536L, -1470661263L, -1941849973L, -1568889893L, -463423965L, 
179817500L, -817449214L, -1771162787L, -639693550L, -189940887L, 
-2023923657L, 1805351665L, -586905865L, 941689378L, 1600620742L, 
-860031977L, 996373726L, 1454465199L, -87316988L, -208843238L, 
368506818L, 2115334797L, 985714355L, -1623906371L, -1974639143L, 
-392404526L, -1444898464L, -1552084605L, 546103186L, -140103636L, 
-1126763652L, 1373476863L, 1639026352L, 1521054242L, -993855695L, 
1650929954L, -1700848680L, 1002172846L, -18976698L, 206311285L, 
-1934982174L, -1390079084L, -79728383L, -488384611L, 1117946165L, 
809778396L, 703448433L, -1023472168L, -1428829243L, -1268605660L, 
-1998334000L, 569772331L, -2042015121L, 968178441L, 897031978L, 
-79611172L, -1468174577L, 751999689L, 1479769808L, 1925721781L, 
950583804L, 784385698L, 1506258251L, 244888216L, 268262815L, 
-1186285745L, 1807066253L, 208820062L, 1544104712L, -902189880L, 
-2067806555L, 772011581L, 1471956069L, -180630750L, -257051023L, 
-1083399520L, 1323128123L, -2089702209L, -1203397515L, -629551577L, 
823873644L, 618672517L, 963387286L, -461946765L, -926047288L, 
-9525035L, 188109136L, 804224612L, 826482661L, -1630535914L, 
351544915L, 330373074L, -1054303172L, -1578990268L, -2025747769L, 
-1560815499L, 1837196520L, 365534248L, -1258173436L, 872987583L, 
850829830L, -1884978732L, -1627271087L, 2089470577L, -1402785278L, 
-974446126L, 1042402087L, 635785385L, -38504428L, 428365749L, 
-1972589434L, -1584361348L, -1241017312L, -155188895L, 667732135L, 
1340636406L, -908805485L, -318655310L, -69087090L, 799523899L, 
-1821896770L, -1868463272L, -1510145555L, 330258507L, 616380805L, 
-744224365L, -540951118L, 972232782L, -584262407L, 1197145557L, 
-681107398L, 1697445789L, 367471842L, 113741064L, -597208749L, 
392281240L, 1496657347L, -960531624L, -1234353701L, -1502379545L, 
-31397063L, 1978814157L, 862645590L, -1066872213L, 124536774L, 
-102525801L, -1746440103L, 1253025423L, 2107226163L, -1980835972L, 
-1227149485L, 1723005048L, -380442557L, -889567946L, 268702354L, 
372037025L, 1549516264L, 965386076L, 1680124343L, -390226329L, 
-296587449L, 1078737847L, 969503440L, 846422734L, 1351500449L, 
1465510238L, 1575482404L, 599958928L, 314747427L, -1486735934L, 
1457320835L, -2095329363L, -1430163765L, -1264710642L, 869625195L, 
-1715984429L, -1804286213L, -2008940138L, -2047534425L, 317555645L, 
1158531469L, 1553399456L, 1453321875L, 1418264371L, -1917740447L, 
2022744974L, 845000254L, -1929709851L, 1226397234L, 1263642303L, 
1619921433L, 726390073L, 1866108542L, -1297511610L, -157866882L, 
2074105193L, -1105805612L, -1732067606L, 370215093L, 1460269230L, 
20400314L, 1389639776L, -878440855L, -1538349346L, 10348890L, 
-354422003L, 485947411L, 569005319L, -1592071819L, 665142742L, 
1081634136L, -922474535L, 114611683L, 1573401640L, -801836703L, 
-1852757385L, -539757412L, -1654803737L, 2002290171L, -2048084057L, 
-1746899671L, -775210558L, -1150303990L, 50494509L, -277453862L, 
-1112777641L, -532847585L, 2043353391L, 1845526564L, 1255010022L, 
2025106213L, 174161632L, 40339956L, -1321778122L, 1547492257L, 
1732277811L, -1054113420L, 820609698L, 2014700656L, -1167162684L, 
2013144557L, 1225351402L, 1313468127L, -1190600075L, 1945898486L, 
-1597390086L, -1417805545L, -1075791750L, -116557187L, -1096592272L, 
-626825774L, 1417823874L, 1397408277L, 1487335741L, -756468677L, 
168474111L, -761739023L, -283963461L, 1213557158L, -1835258055L, 
477485087L, -1992919942L, -1843908431L, 1748578962L, 2107522493L, 
1921016311L, 952283291L, 531170438L, -1414944175L, 39338181L, 
-587676914L, 878025228L, -1436659930L, -1270837290L, 1608399810L, 
2144772310L, 333596551L, -156918791L, 1287357331L, -316343553L, 
-2000054857L, -1611450997L, 1455977852L, -1732002563L, 846416280L, 
-331285723L, -1085729340L, -714308744L, 85672762L, -2034534900L, 
682387905L, 809041202L, 411324318L, 1932403020L, -916369842L, 
-1204295322L, -1691919643L, 1883446095L, 270263205L, -489491591L, 
-1366615952L, 335911883L, 2060355722L, 1203086847L, 241262055L, 
